10,208
10,221
10,292
10,116
10,265
10,266
10,119
10,81
11,4
11,14
11,8
11,18
8,11
8,6
80,6
80,5
80,4
80,3
80,2
80,1
80,0
77,5
77,4
77,3
77,2
77,1
77,0
75,5
75,4
75,3
75,2
75,1
75,0
73,4
73,3
73,2
73,1
73,0
72,5
72,4
72,3
72,2
72,1
72,0
70,4
70,3
70,2
70,1
70,0
65,3
65,2
65,1
65,0
20,3
20,2
20,1
19,3
19,2
19,1
18,3
18,1
12,3
12,2
12,1
11,26
11,24
11,22
11,20
11,16
11,12
11,10
11,6
11,3
11,2
11,1
10,262
10,181
10,145
10,117
10,112
10,30
10,21
10,17
10,3
10,2
10,1
9,7
9,6
9,4
9,3
9,2
9,1
8,17
8,15
8,12
8,9
8,4
8,3
8,2
8,1
3,3
3,2
3,1
2,3
2,2
2,1
0,0
0,273
13,1
13,3
0,270
